Boring:
0, 1, 2, 3, 4, 6, 8
2, 3, 4, 5, 6, 8
5

3, 4, 6
6
8

2, 3, 5, 8
0, 3, 4, 5, 6, 7, 8
2

1, 5, 7
1, 2, 3, 4
6

0, 1, 2, 3, 4, 5, 6, 7
0, 2, 3, 4, 5, 6, 7, 8
2

1, 4, 6
0, 4, 7, 8
7

0, 3, 4, 6, 7, 8
0, 1, 3, 4, 5, 7, 8
4

5
4
8

0, 1, 4, 5, 7, 8
0, 3, 5, 6, 7, 8
4

1, 3, 7
0, 2, 6, 7, 8
2

0, 2, 3, 4, 5, 7,8
0,1,2,3,4,6,7
3

0,1,4,6,7
3,5,6
9

1,4,6,7
0,2,5,7
4

0,1,2,3,4,5,7,8
0,1,3,5,7,8
7

2,3,4,5,7
0,1,2,5,6,7
4

0,1,3,5,6
0,1,2,3,5,6,7
8

0,1,2,3,4,5,6,7,8
0,1,2,3,4,5,6,7,8
8

1,2,4,5,7
4,5
9

0,3,4
0,1,2,3,4,5,6,7,8
5

0,2,3,8
0
7

1,3,4,5,6,8
0,3,8
5

0,3,4,5,6,7,8
3,4
3

0,1,2,3,4,5,6,7
0,2,3,4,7,8
7

1,7
-
5

0,1,2,3,4,5,7
0,1,3,4,5,7,8
7

8
0,8
3

2,3,7,8
0,3,4,5,7,8
7


0,1,3,5,7,8
0,1,2,4,6,7
7

1,4,5,8
0,3
8

0,4,5,7
0,2,3,5,7,8
5

0,3,4,5,7
1,2,3,4,5,6,8
6

-
1,4
7

1,2,3,4,5,6,7,8
0,1,2,3,4,5,7,8
5

0,7
1
2

0,1,3,4,7,8
0,1,2,3,4,5,6,7
7

1,5
0,2,7
4

2,5,7
4,7
9


4,7,8
-
8

0,2,4,5,6,8
4,7,8
2

-
1
4

1
6
6

1,2,4,5,6
1,2,3,4,5,6,7
8

6
0,5,6
9

2,5,6,7,8
0,2,3,5,7,8
6

3
4
5

0,1,2,5,6,7,8
0,1,3,4,6,7,8
7

1,2,4,6,8
1,3,4,5,6,7
3

0,1,2,3,5,6,7,8
0,1,3,6,7,8
8

1
0
3

0,1,3,4,5,6,7,8
0,2,3,4,5,7,8
9

0,1,2,3,4,6,7,8
0,1,2,3,4,5,6,7,8
7

0,1,3,4,5,6,7,8
0,2,3,4,5,6,7
4

2,4
1,3,4
2

0,7,8
2,3
3

1,2,4,6
0,3,4,5,7,8
9

0,1,3,5,7
0,3,6,8
5


2, 3,4,6,8
0,2,8
2


0,2,3,4,8
0,1,2,3,4,5,6,8
4

2,3,6,7
0,5
2


0, 1, 3
1,3,6,7,8
5

0,1,4,8
0
9

0,1,2,3,4,5,6
1,4,5,6,7
5

3,4,7,8
0
4

2,3,7,8
0,2,5
8

0,1,2,3,5,7,8
0,3,4,5,7,8
6

0,1,2,4,7,8
1,2,4,5
9

0,1,2,5,6
0,1,3,4,6,8
4

0,1,2,4,5,6,8
0,1,2,3,4,6,7,8
3

2,4,8
0,3,6,8
3

3
-
2

4,8
4
5

0,2,3,4,6,7,8
2,3,4,5,6,7,8
2

3,5,6
0,2,3,4,7
2

3
0,1
5

0,1,2,5,6,7,8
0,1,2,3,4,5,6,7,8
8

0,2,4,5,6,7,8
0,1,4,5,7
8

-
0,1
3

0,3,4,5,6,7
0,1,2,3,4,6,8
8

-
1,3,4,5
4

6
0,3,5,7
8

0,2,3,6,7
0,1,2,5,7,8
8

0,1,3,6,8
0,2,3,4,5,6,7
5

3,5,8
0,4,7
3

0,1,2,3,4,5,6,7,8
0,2,3,4,5,7,8
5

0,1,5,7
6
8

4
0,2,3,7,8
9

1,5,6
0,8
7

0,1,4
3
7

0,1,2,3,6,7,8
2,3,8
3

0,3,4,6,7
0,1,2,3,6,7,8
8

0,1,2,4,7
2,3,4,7,8
5

0,2,3,4,6,7
0,1,3,5,6,8
4

6
4,5,6,7,8
2

1,7
0
5

1,4,6,8
1,3,4,5,7,8
8

0,1,2,4,5,6,7
0,1,2,4,5,7,8
5

7
1,7
9

2,3,4,7
0,6,7,8
4

2,3
1,4
4





Interesting:
Obtained randomly:
6
2
3
so up to this line, was random. this means
~1/100 are gliders


# got another one semiinteresting one. look at screenshot


Below are from visions of chaos:

2x2

fire balls

brians brain

faders

cooties

game of life

high life

pseudo life 2

pseudo life

puffy clouds

star wars

From his tensorflow:
4,5,6,7
2,3,5,8
5

3
2,5
3

0
2,6
4

0,4,7,8
2,3,5,6
5

Transers


Move

http://psoup.math.wisc.edu/mcell/rullex_life.html
most of the ones abovew are also found ina bove lexicon, with the excepiton of:
None


http://psoup.math.wisc.edu/mcell/rullex_gene.html
many of thes one above are found in above lexicon, wiuth the exception of:

Banners:
2367/3457/5

Bombers (Randy: should we increase # of possible states to 25???):
345/24/25

Brain 6:
6/246/3

Burst:
0235678/3468/9

BurstII
235678/3468/9

Fireworks
2/13/21

Glisserati
035678/245678/7

Glissergy
035678/245678/5

LivingOn TheEdge
345/3/6

OrthoGo
3/2/4

Prairie on fire
345/34/6

Rake
3467/2678/6

Snake
03467/25/6

Swirl
23/34/8

TransersII
0345/26/6

Wanderers
345/34678/5

Worms
3467/25/6

Completed