#Should have a 1:1 correspondence

#Survive boring:

survive_boor = [[0, 1, 2, 3, 4, 6, 8], [3, 4, 6], [2, 3, 5, 8], [1, 5, 7], [0, 1, 2, 3, 4, 5, 6, 7], [1, 4, 6], [0, 3, 4, 6, 7, 8], [5], [0, 1, 4, 5, 7, 8], [1, 3, 7], [0, 2, 3, 4, 5, 7,8], [0,1,4,6,7], [1,4,6,7], [0,1,2,3,4,5,7,8], [2,3,4,5,7], [0,1,3,5,6], [0,1,2,3,4,5,6,7,8], [1,2,4,5,7], [0,3,4], [0,2,3,8], [1,3,4,5,6,8], [0,3,4,5,6,7,8], [0,1,2,3,4,5,6,7], [1,7],  [0,1,2,3,4,5,7], [8], [2,3,7,8], [0,1,3,5,7,8], [1,4,5,8], [0,4,5,7], [0,3,4,5,7], [], [1,2,3,4,5,6,7,8], [0,7], [0,1,3,4,7,8], [1,5], [2,5,7], [4,7,8], [0,2,4,5,6,8], [], [1], [1,2,4,5,6], [6], [2,5,6,7,8], [3], [0,1,2,5,6,7,8], [
1,2,4,6,8],  [0,1,2,3,5,6,7,8], [1],  [0,1,3,4,5,6,7,8],  [0,1,2,3,4,6,7,8],   [0,1,3,4,5,6,7,8],  [2,4], [0,7,8], [1,2,4,6], [0,1,3,5,7], [2, 3,4,6,8], [0,2,3,4,8], [2,3,6,7], [0, 1, 3], [0,1,4,8], [0,1,2,3,4,5,6], [3,4,7,8], [2,3,7,8], [0,1,2,3,5,7,8], [0,1,2,4,7,8], [0,1,2,5,6], [0,1,2,4,5,6,8], [2,4,8], [3], [4,8], [0,2,3,4,6,7,8], [3,5,6], [3], [0,1,2,5,6,7,8], [0,2,4,5,6,7,8], [], [0,3,4,5,6,7], [], [6], [0,2,3,6,7], [0,1,3,6,8], [3,5,8], [0,1,2,3,4,5,6,7,8], [0,1,5,7], [4], [1,5,6], [0,1,4], [0,1,2,3,6,7,8], [0,3,4,6,7], [0,1,2,4,7], [0,2,3,4,6,7], [6], [1,7], [1,4,6,8],  [0,1,2,4,5,6,7], [7], [2,3,4,7], [2,3]    ]


#Born boring:
born_boor = [[2, 3, 4, 5, 6, 8], [6], [0, 3, 4, 5, 6, 7, 8], [1, 2, 3, 4], [0, 2, 3, 4, 5, 6, 7, 8], [0, 4, 7, 8], [0, 1, 3, 4, 5, 7, 8], [4], [0, 3, 5, 6, 7, 8],  [0, 2, 6, 7, 8],  [0,1,2,3,4,6,7], [3,5,6],[0,2,5,7], [0,1,3,5,7,8], [0,1,2,5,6,7], [0,1,2,3,5,6,7], [0,1,2,3,4,5,6,7,8], [4,5], [0,1,2,3,4,5,6,7,8], [0], [0,3,8], [3,4], [0,2,3,4,7,8], [], [0,1,3,4,5,7,8], [0,8], [0,3,4,5,7,8], [0,1,2,4,6,7], [0,3], [0,2,3,5,7,8], [1,2,3,4,5,6,8], [1,4], [0,1,2,3,4,5,7,8], [1], [0,1,2,3,4,5,6,7], [0,2,7], [4,7], [], [4,7,8], [1], [6], [1,2,3,4,5,6,7], [0,5,6], [0,2,3,5,7,8], [4], [0,1,3,4,6,7,8], [1,3,4,5,6,7],[0,1,3,6,7,8], [0], [0,2,3,4,5,7,8], [0,1,2,3,4,5,6,7,8], [0,2,3,4,5,6,7], [1,3,4], [2,3], [0,3,4,5,7,8], [0,3,6,8], [0,2,8], [0,1,2,3,4,5,6,8],  [0,5], [1,3,6,7,8], [0], [1,4,5,6,7], [0], [0,2,5], [0,3,4,5,7,8], [1,2,4,5], [0,1,3,4,6,8], [0,1,2,3,4,6,7,8], [0,3,6,8], [], [4], [2,3,4,5,6,7,8],  [0,2,3,4,7], [0,1], [0,1,2,3,4,5,6,7,8], [0,1,4,5,7], [0,1], [0,1,2,3,4,6,8], [1,3,4,5], [0,3,5,7], [0,1,2,5,7,8], [0,2,3,4,5,6,7], [0,4,7], [0,2,3,4,5,7,8], [6], [0,2,3,7,8], [0,8], [3], [2,3,8], [0,1,2,3,6,7,8], [2,3,4,7,8], [0,1,3,5,6,8], [4,5,6,7,8], [0], [1,3,4,5,7,8], [0,1,2,4,5,7,8], [1,7], [0,6,7,8], [1,4]]

#Boring State:

state_boor = [5,8,2,6,2,7,4,8,4,2,3,9, 4,7,4,8,8, 9,5,7,5,3, 7,5,7,3,7, 7,8,5,6,7, 5,2,7,4,9, 8,2,4,6,8, 9,6,5,7,3, 8,3,9,7,4, 2,3,9,5, 2,4,2,5,9, 5,4,8,6,9,4, 3,3,2,5,2,2, 5,8,8,3, 8,4,8,8,5, 3, 5, 8,9,7,7,3, 8,5,4,2,5, 8,5,9,4,4 ]

print(len(survive_boor))
print(len(born_boor))
print(len(state_boor))

#Interesting rule



Interesting:

survive_int = [[6], [1,2,5], [3,4,6,7], [], [2], [2,3], [2,3], [2,3], [2,3,8], [2,3,8], [2,5,6], [3,4,5], [4,5,6,7], [3],[0], [0,4,7,8], [3,4,5], [2,4,5], [2,3,6,7], [3,4,5], [6], [0,2,3,5,6,7,8], [2,3,5,6,7,8], [2], [0,3,5,6,7,8], [0,3,5,6,7,8], [3,4,5], [3], [3,4,5],[3,4,6,7], [0,3,4,6,7], [2,3], [0,3,4,5], [3,4,5], Worms
[3,4,6,7]  ]

born_int = [[2] [3,6], [2], [2], [2], [2], [3], [3,6], [3,6,8], [3,5,7], [2,4,5], [2], [2,3,5,8], [2,5], [2,6],[2,3,5,6], [2,6], [3,6,8], [3,4,5,7], [2,4], [2,4,6], [3,4,6,8], [3,4,6,8], [1,3], [2,4,5,6,7,8], [2,4,5,6,7,8], [3], [2], [3,4], [2,6,7,8], [2,5], [3,4], [2,6],[3,4,6,7,8], [2,5]]


state_int = [3, 4, 3, 8,8,2,2,2,2,5,4,5,3,4,5,5,2,5,25,3,9,9,21,7,5,6,4,66,6,8,6,5,6 ]


Obtained randomly:
6
2
3
so up to this line, was random. this means
~1/100 are gliders


# got another one semiinteresting one. look at screenshot


Below are from visions of chaos:

2x2:
[1,2,5]
[3,6]
2


fire balls:
[3,4,6,7]
[2]
4

brians brain
[]
[2]
3

faders
[2]
[2]
8

cooties
[2,3]
[2]
8
game of life
[2,3]
[3]
2

high life
[2,3]
[3,6]
2

pseudo life 2
[2,3,8]
[3,6,8]
2
pseudo life
[2,3,8]
[3,5,7]
2
puffy clouds
[2,5,6]
[2,4,5]
5
star wars
[3,4,5]
[2]
4
From his tensorflow:
[4,5,6,7]
[2,3,5,8]
5

[3]
[2,5]
3

[0]
[2,6]
4

[0,4,7,8]
[2,3,5,6]
5

Transers
[3,4,5]
[2,6]
5

Move
[2,4,5]
[3,6,8]
2

http://psoup.math.wisc.edu/mcell/rullex_life.html
most of the ones abovew are also found ina bove lexicon, with the excepiton of:
None


http://psoup.math.wisc.edu/mcell/rullex_gene.html
many of thes one above are found in above lexicon, wiuth the exception of:

Banners:
[2,3,6,7]
[3,4,5,7]
5

Bombers (Randy: should we increase # of possible states to 25???):
[3,4,5]
[2,4]
25

Brain 6:
[6]
[2,4,6]
3

Burst:
[0,2,3,5,6,7,8]
[3,4,6,8]
9

BurstII
[2,3,5,6,7,8]
[3,4,6,8]
9

Fireworks
[2]
[1,3]
21

Glisserati
[0,3,5,6,7,8]
[2,4,5,6,7,8]
7

Glissergy
[0,3,5,6,7,8]
[2,4,5,6,7,8]
5

LivingOn TheEdge
[3,4,5]
[3]
6

OrthoGo
[3]
[2]
4

Prairie on fire
[3,4,5]
[3,4]
6

Rake
[3,4,6,7]
[2,6,7,8]
6

Snake
[0,3,4,6,7]
[2,5]
6

Swirl
[2,3]
[3,4]
8

TransersII
[0,3,4,5]
[2,6]
6

Wanderers
[3,4,5]
[3,4,6,7,8]
5

Worms
[3,4,6,7]
[2,5]
6
